5.071410258299289e-13
4.949813702698384e-13
4.828120787813268e-13
4.707326320009807e-13
4.586706326835851e-13
4.466508520543785e-13
4.3465310520987016e-13
4.227711632096436e-13
4.108556976483462e-13
3.989995191859701e-13
3.872131248634847e-13
3.7544373723188675e-13
3.6371829854795226e-13
3.5206154785406847e-13
3.404606308394556e-13
3.2890241962593774e-13
3.1737728510908614e-13
3.0596668230120273e-13
2.945458471699513e-13
2.8318786691770034e-13
2.719263142460585e-13
2.607215959404582e-13
2.4955784343054997e-13
2.385172409928581e-13
2.2751005829633486e-13
2.1657264747585048e-13
2.056927612083394e-13
1.949553054485473e-13
1.8429604670487872e-13
1.7367917172526531e-13
1.6318120918045691e-13
1.5283367724558457e-13
1.4249881542106678e-13
1.3240907889444196e-13
1.2245320040031667e-13
1.1258852372427306e-13
1.0251601389967229e-13
9.267738773390975e-14
8.41402655281369e-14
7.463472744174058e-14
6.663666461260454e-14
5.880626415238668e-14
5.1674178298781056e-14
4.4785227061114164e-14
3.906656903070149e-14
3.3362729574678483e-14
2.7525699325219146e-14
2.2959888210519752e-14
1.909424695699163e-14
1.4773444516312386e-14
1.1912003908113686e-14
8.72964544519817e-15
5.924660267207809e-15
3.978970784298874e-15
2.2917771638839137e-15
0.0
0.0
0.0
0.0
0.0
5.071410258299289e-13
4.949813702698384e-13
4.828120787813268e-13
4.707326320009807e-13
4.586706326835851e-13
4.466508520543785e-13
4.3465310520987016e-13
4.227711632096436e-13
4.108556976483462e-13
3.989995191859701e-13
3.872131248634847e-13
3.7544373723188675e-13
3.6371829854795226e-13
3.5206154785406847e-13
3.404606308394556e-13
3.2890241962593774e-13
3.1737728510908614e-13
3.0596668230120273e-13
2.945458471699513e-13
2.8318786691770034e-13
2.719263142460585e-13
2.607215959404582e-13
2.4955784343054997e-13
2.385172409928581e-13
2.2751005829633486e-13
2.1657264747585048e-13
2.056927612083394e-13
1.949553054485473e-13
1.8429604670487872e-13
1.7367917172526531e-13
1.6318120918045691e-13
1.5283367724558457e-13
1.4249881542106678e-13
1.3240907889444196e-13
1.2245320040031667e-13
1.1258852372427306e-13
1.0251601389967229e-13
9.267738773390975e-14
8.41402655281369e-14
7.463472744174058e-14
6.663666461260454e-14
5.880626415238668e-14
5.1674178298781056e-14
4.4785227061114164e-14
3.906656903070149e-14
3.3362729574678483e-14
2.7525699325219146e-14
2.2959888210519752e-14
1.909424695699163e-14
1.4773444516312386e-14
1.1912003908113686e-14
8.72964544519817e-15
5.924660267207809e-15
3.978970784298874e-15
2.2917771638839137e-15
0.0
0.0
0.0
0.0
0.0
