4.916183858268557e-13
4.794063293154456e-13
4.673367882710044e-13
4.552283160238491e-13
4.432167945461899e-13
4.312221853253382e-13
4.192278828490799e-13
4.0728881487340125e-13
3.954417340690368e-13
3.835927698268203e-13
3.7182492637468874e-13
3.600933438869514e-13
3.484336012156975e-13
3.367976586949449e-13
3.2521270668957923e-13
3.137164829045149e-13
3.022283541843761e-13
2.9081063636239913e-13
2.7946695415367707e-13
2.682149427843157e-13
2.57007836204256e-13
2.4583679926313496e-13
2.347835284590311e-13
2.237731991948134e-13
2.1292103906528374e-13
2.0204054655165622e-13
1.91355930224334e-13
1.8072253386594585e-13
1.7016998184539665e-13
1.5974975006778742e-13
1.49447860608271e-13
1.3928129049235048e-13
1.2927429059354524e-13
1.1941566392320484e-13
1.0975597205607431e-13
1.002716270537976e-13
9.078135309132266e-14
8.178122092045723e-14
7.324040324830795e-14
6.503964051335259e-14
5.738341383140265e-14
5.0620751384887104e-14
4.3932011164561774e-14
3.798439749613578e-14
3.2641455453870153e-14
2.7136041380403122e-14
2.2668054924889953e-14
1.8407983086724807e-14
1.47607702938764e-14
1.1578952166002898e-14
9.13977213324943e-15
6.468038247262475e-15
4.310253019295857e-15
2.721647128036417e-15
1.7513110137736326e-15
0.0
0.0
0.0
0.0
0.0
4.916183858268557e-13
4.794063293154456e-13
4.673367882710044e-13
4.552283160238491e-13
4.432167945461899e-13
4.312221853253382e-13
4.192278828490799e-13
4.0728881487340125e-13
3.954417340690368e-13
3.835927698268203e-13
3.7182492637468874e-13
3.600933438869514e-13
3.484336012156975e-13
3.367976586949449e-13
3.2521270668957923e-13
3.137164829045149e-13
3.022283541843761e-13
2.9081063636239913e-13
2.7946695415367707e-13
2.682149427843157e-13
2.57007836204256e-13
2.4583679926313496e-13
2.347835284590311e-13
2.237731991948134e-13
2.1292103906528374e-13
2.0204054655165622e-13
1.91355930224334e-13
1.8072253386594585e-13
1.7016998184539665e-13
1.5974975006778742e-13
1.49447860608271e-13
1.3928129049235048e-13
1.2927429059354524e-13
1.1941566392320484e-13
1.0975597205607431e-13
1.002716270537976e-13
9.078135309132266e-14
8.178122092045723e-14
7.324040324830795e-14
6.503964051335259e-14
5.738341383140265e-14
5.0620751384887104e-14
4.3932011164561774e-14
3.798439749613578e-14
3.2641455453870153e-14
2.7136041380403122e-14
2.2668054924889953e-14
1.8407983086724807e-14
1.47607702938764e-14
1.1578952166002898e-14
9.13977213324943e-15
6.468038247262475e-15
4.310253019295857e-15
2.721647128036417e-15
1.7513110137736326e-15
0.0
0.0
0.0
0.0
0.0
