4.837440925575827e-13
4.715387083108396e-13
4.594014537351444e-13
4.473277451138352e-13
4.352092401336007e-13
4.231888640569066e-13
4.1126306835422857e-13
3.9928503002232303e-13
3.8739638037936694e-13
3.7551771254320655e-13
3.6374385616288166e-13
3.520048727215229e-13
3.4027735916623835e-13
3.2865220706462753e-13
3.1705258368852064e-13
3.05501610974601e-13
2.940502032848618e-13
2.8260719591930376e-13
2.713108821846477e-13
2.600048861492454e-13
2.4875778977771783e-13
2.3760339997678685e-13
2.2660358606853274e-13
2.1560392388200338e-13
2.0469776976251923e-13
1.9386313780814057e-13
1.831339702038018e-13
1.7249075373722918e-13
1.620088264333314e-13
1.5162015076056806e-13
1.413833876626204e-13
1.313149064937098e-13
1.214063264491032e-13
1.1163385162391877e-13
1.0205455105759659e-13
9.28712068009079e-14
8.374646003482068e-14
7.501532560089472e-14
6.678439433788245e-14
5.91668881913564e-14
5.1934518626316816e-14
4.5266227643830055e-14
3.92256406919658e-14
3.3448544104972473e-14
2.8314896389561203e-14
2.3558795784311657e-14
1.9346056277790414e-14
1.5476808590793385e-14
1.226653638603791e-14
9.577180512518519e-15
6.9754210562795015e-15
5.231981338198111e-15
3.4853973129776922e-15
1.967347341362486e-15
1.2098644371013802e-15
0.0
0.0
0.0
0.0
0.0
4.837440925575827e-13
4.715387083108396e-13
4.594014537351444e-13
4.473277451138352e-13
4.352092401336007e-13
4.231888640569066e-13
4.1126306835422857e-13
3.9928503002232303e-13
3.8739638037936694e-13
3.7551771254320655e-13
3.6374385616288166e-13
3.520048727215229e-13
3.4027735916623835e-13
3.2865220706462753e-13
3.1705258368852064e-13
3.05501610974601e-13
2.940502032848618e-13
2.8260719591930376e-13
2.713108821846477e-13
2.600048861492454e-13
2.4875778977771783e-13
2.3760339997678685e-13
2.2660358606853274e-13
2.1560392388200338e-13
2.0469776976251923e-13
1.9386313780814057e-13
1.831339702038018e-13
1.7249075373722918e-13
1.620088264333314e-13
1.5162015076056806e-13
1.413833876626204e-13
1.313149064937098e-13
1.214063264491032e-13
1.1163385162391877e-13
1.0205455105759659e-13
9.28712068009079e-14
8.374646003482068e-14
7.501532560089472e-14
6.678439433788245e-14
5.91668881913564e-14
5.1934518626316816e-14
4.5266227643830055e-14
3.92256406919658e-14
3.3448544104972473e-14
2.8314896389561203e-14
2.3558795784311657e-14
1.9346056277790414e-14
1.5476808590793385e-14
1.226653638603791e-14
9.577180512518519e-15
6.9754210562795015e-15
5.231981338198111e-15
3.4853973129776922e-15
1.967347341362486e-15
1.2098644371013802e-15
0.0
0.0
0.0
0.0
0.0
