4.796044008350598e-13
4.67398813026918e-13
4.551950598735182e-13
4.4304952615747356e-13
4.309764442953111e-13
4.1890364932122056e-13
4.0686389014415837e-13
3.94917270112415e-13
3.8297462039304154e-13
3.710794858600022e-13
3.592769852784425e-13
3.4750221369511983e-13
3.3574730247444993e-13
3.2408888756915536e-13
3.1242842709166145e-13
3.0086790728678256e-13
2.8936244123452713e-13
2.779343744781994e-13
2.6653789666338706e-13
2.5524149944903404e-13
2.439865627883386e-13
2.328314615288548e-13
2.217674082922203e-13
2.1071096107564955e-13
1.9981185412455714e-13
1.8896495522484662e-13
1.7820966278311038e-13
1.675980083777808e-13
1.571716056483868e-13
1.4672785331105376e-13
1.3641716687453232e-13
1.2639428372870043e-13
1.1651279010341334e-13
1.0677252773055475e-13
9.731018230015579e-14
8.814154698869843e-14
7.921552404945868e-14
7.063259720651129e-14
6.280270160541401e-14
5.529508481555829e-14
4.829794819722136e-14
4.1992914541830064e-14
3.6112301499454123e-14
3.056969942924435e-14
2.562062227724905e-14
2.132899185000398e-14
1.7230833573342037e-14
1.3799856054563355e-14
1.0655301519339093e-14
8.085084731277934e-15
5.999318453604982e-15
4.035291061548053e-15
2.6681352855642995e-15
1.5262819637002829e-15
8.625921578321633e-16
0.0
0.0
0.0
0.0
0.0
4.796044008350598e-13
4.67398813026918e-13
4.551950598735182e-13
4.4304952615747356e-13
4.309764442953111e-13
4.1890364932122056e-13
4.0686389014415837e-13
3.94917270112415e-13
3.8297462039304154e-13
3.710794858600022e-13
3.592769852784425e-13
3.4750221369511983e-13
3.3574730247444993e-13
3.2408888756915536e-13
3.1242842709166145e-13
3.0086790728678256e-13
2.8936244123452713e-13
2.779343744781994e-13
2.6653789666338706e-13
2.5524149944903404e-13
2.439865627883386e-13
2.328314615288548e-13
2.217674082922203e-13
2.1071096107564955e-13
1.9981185412455714e-13
1.8896495522484662e-13
1.7820966278311038e-13
1.675980083777808e-13
1.571716056483868e-13
1.4672785331105376e-13
1.3641716687453232e-13
1.2639428372870043e-13
1.1651279010341334e-13
1.0677252773055475e-13
9.731018230015579e-14
8.814154698869843e-14
7.921552404945868e-14
7.063259720651129e-14
6.280270160541401e-14
5.529508481555829e-14
4.829794819722136e-14
4.1992914541830064e-14
3.6112301499454123e-14
3.056969942924435e-14
2.562062227724905e-14
2.132899185000398e-14
1.7230833573342037e-14
1.3799856054563355e-14
1.0655301519339093e-14
8.085084731277934e-15
5.999318453604982e-15
4.035291061548053e-15
2.6681352855642995e-15
1.5262819637002829e-15
8.625921578321633e-16
0.0
0.0
0.0
0.0
0.0
